{
	"map": {
		"letters": "----------",
		"indices": [1, 2, 3, 4, 5, 6, 7, 8, 9, 10]
		},
	"logo": [
		[{"code":"G", "bits": 0.04},{"code":"N", "bits": 0.00},{"code":"K", "bits": 0.00},{"code":"P", "bits": 0.02},{"code":"R", "bits": 0.18},{"code":"F", "bits": 0.00},{"code":"D", "bits": 0.00},{"code":"L", "bits": 0.03},{"code":"H", "bits": 0.01},{"code":"S", "bits": 0.04},{"code":"Y", "bits": 0.00},{"code":"T", "bits": 0.08},{"code":"Q", "bits": 0.04}],
		[{"code":"Y", "bits": 0.06},{"code":"V", "bits": 0.06},{"code":"A", "bits": 0.00},{"code":"R", "bits": 0.08},{"code":"E", "bits": 0.00},{"code":"H", "bits": 0.00},{"code":"L", "bits": 0.01},{"code":"W", "bits": 0.02},{"code":"T", "bits": 0.12},{"code":"Q", "bits": 0.14},{"code":"S", "bits": 0.04},{"code":"P", "bits": 0.00}],
		[{"code":"P", "bits": 0.10},{"code":"H", "bits": 0.02},{"code":"G", "bits": 0.05},{"code":"F", "bits": 0.05},{"code":"E", "bits": 0.00},{"code":"R", "bits": 0.36},{"code":"N", "bits": 0.00},{"code":"A", "bits": 0.00},{"code":"T", "bits": 0.24},{"code":"S", "bits": 0.10},{"code":"Q", "bits": 0.01}],
		[{"code":"W", "bits": 0.00},{"code":"F", "bits": 0.00},{"code":"H", "bits": 0.00},{"code":"Y", "bits": 0.12}],
		[{"code":"G", "bits": 0.03},{"code":"A", "bits": 0.00},{"code":"R", "bits": 0.00},{"code":"V", "bits": 0.00}],
		[{"code":"D", "bits": 0.00},{"code":"E", "bits": 0.05}],
		[{"code":"L", "bits": 0.00},{"code":"C", "bits": 0.00},{"code":"W", "bits": 0.00}],
		[{"code":"E", "bits": 3.82},{"code":"Y", "bits": 0.00},{"code":"D", "bits": 0.00}],
		[{"code":"Y", "bits": 0.01},{"code":"N", "bits": 0.00},{"code":"D", "bits": 0.00},{"code":"K", "bits": 0.00},{"code":"R", "bits": 0.18},{"code":"E", "bits": 0.02},{"code":"H", "bits": 0.00},{"code":"Q", "bits": 0.00},{"code":"A", "bits": 0.00},{"code":"S", "bits": 0.12}],
		[{"code":"L", "bits": 0.02},{"code":"C", "bits": 0.00},{"code":"V", "bits": 0.00},{"code":"H", "bits": 0.01},{"code":"D", "bits": 0.04},{"code":"R", "bits": 0.15},{"code":"S", "bits": 0.05},{"code":"E", "bits": 0.05},{"code":"Q", "bits": 0.00},{"code":"W", "bits": 0.05}]
	],
	"couplings": [
		{"i": 1,"j": 1, "score": 0.00, "iC": "", "jC": "", "matrix":[]},
		{"i": 1,"j": 2, "score": 0.45, "iC": "ERHQSTGVILM", "jC": "RQSTGVIMCFWY", "matrix": [[-0.07, -0.14, -0.02, -0.06, -0.01, -0.05, -0.05, -0.02, -0.03, -0.03, -0.02, 0.51],[0.11, 0.36, -0.05, -0.29, -0.03, -0.06, -0.12, 0.47, -0.07, -0.14, 0.01, -0.14],[-0.02, -0.02, -0.01, 0.15, -0.00, -0.01, -0.01, -0.02, -0.01, -0.01, -0.00, -0.01],[-0.07, -0.09, -0.04, -0.03, -0.01, -0.03, -0.05, -0.04, 0.45, -0.03, -0.02, -0.05],[-0.04, -0.08, -0.04, -0.08, -0.01, -0.04, 0.45, -0.02, -0.03, -0.03, -0.02, -0.05],[-0.06, 0.62, -0.05, -0.12, -0.01, -0.02, -0.04, -0.06, -0.05, -0.03, -0.02, -0.10],[0.45, -0.10, -0.04, -0.08, -0.01, -0.05, 0.00, -0.05, -0.03, -0.03, -0.02, -0.05],[-0.20, -0.17, -0.10, 0.05, -0.00, 0.39, -0.12, -0.09, -0.05, 0.26, 0.20, -0.12],[-0.07, -0.12, 0.08, 0.20, 0.11, -0.01, -0.07, -0.06, -0.04, 0.12, -0.03, -0.07],[-0.05, -0.05, -0.02, -0.06, -0.01, -0.02, -0.03, -0.04, -0.01, -0.03, -0.00, 0.10],[0.14, 0.07, -0.04, -0.01, -0.01, -0.03, 0.05, -0.10, -0.04, 0.03, -0.03, -0.01]]},
		{"i": 1,"j": 3, "score": 0.61, "iC": "ERHQSTGVIM", "jC": "RSTPGVCF", "matrix": [[-0.11, -0.04, -0.09, -0.04, -0.03, 0.43, -0.04, -0.03],[0.40, -0.12, -0.22, 0.09, -0.06, -0.23, 0.08, -0.02],[-0.05, 0.15, -0.02, -0.01, -0.01, -0.02, -0.02, -0.01],[-0.11, -0.05, -0.05, -0.05, 0.44, -0.11, -0.06, -0.02],[-0.11, -0.05, -0.09, 0.45, -0.03, -0.10, -0.06, -0.03],[-0.22, -0.07, -0.09, -0.01, -0.05, 0.54, -0.05, -0.04],[-0.13, -0.05, -0.07, -0.07, -0.03, -0.09, 0.48, -0.03],[-0.31, -0.13, 1.02, -0.13, -0.03, -0.17, -0.13, -0.08],[-0.00, 0.07, -0.12, -0.05, -0.04, -0.14, -0.08, 0.42],[0.37, -0.05, -0.10, -0.01, -0.03, -0.09, -0.05, -0.02]]},
		{"i": 1,"j": 4, "score": -0.10, "iC": "RHVM", "jC": "GIY", "matrix": [[0.15, 0.15, -0.07],[-0.01, 0.12, -0.01],[0.20, -0.21, 0.28],[-0.05, 0.32, -0.02]]},
		{"i": 1,"j": 5, "score": -0.12, "iC": "RVM", "jC": "SW", "matrix": [[0.17, -0.16],[-0.11, 0.10],[0.17, -0.17]]},
		{"i": 1,"j": 6, "score": -0.00, "iC": "", "jC": "", "matrix":[]},
		{"i": 1,"j": 7, "score": -0.05, "iC": "", "jC": "", "matrix":[]},
		{"i": 1,"j": 8, "score": -0.05, "iC": "", "jC": "", "matrix":[]},
		{"i": 1,"j": 9, "score": -0.05, "iC": "ERQSTGVIL", "jC": "RTPILCF", "matrix": [[-0.06, -0.08, -0.01, -0.05, -0.04, -0.06, 0.30],[-0.07, 0.23, -0.00, -0.01, -0.07, -0.09, -0.05],[-0.05, -0.07, -0.01, 0.35, -0.04, -0.05, -0.06],[-0.03, -0.10, 0.01, -0.04, 0.33, -0.07, -0.05],[0.34, -0.18, -0.01, 0.02, -0.01, -0.05, -0.10],[-0.03, -0.09, -0.01, -0.01, -0.03, 0.23, -0.03],[0.05, -0.01, -0.02, 0.01, -0.10, 0.14, -0.11],[-0.06, 0.15, 0.11, -0.08, -0.04, -0.04, -0.02],[-0.03, 0.00, -0.01, -0.03, -0.03, -0.02, 0.12]]},
		{"i": 1,"j": 10, "score": -0.18, "iC": "VIM", "jC": "WY", "matrix": [[-0.02, -0.15],[0.11, -0.08],[-0.01, 0.13]]},
		{"i": 2,"j": 1, "score": 0.45, "iC": "RQSTGVIMCFWY", "jC": "ERHQSTGVILM", "matrix": [[-0.07, 0.11, -0.02, -0.07, -0.04, -0.06, 0.45, -0.20, -0.07, -0.05, 0.14],[-0.14, 0.36, -0.02, -0.09, -0.08, 0.62, -0.10, -0.17, -0.12, -0.05, 0.07],[-0.02, -0.05, -0.01, -0.04, -0.04, -0.05, -0.04, -0.10, 0.08, -0.02, -0.04],[-0.06, -0.29, 0.15, -0.03, -0.08, -0.12, -0.08, 0.05, 0.20, -0.06, -0.01],[-0.01, -0.03, -0.00, -0.01, -0.01, -0.01, -0.01, -0.00, 0.11, -0.01, -0.01],[-0.05, -0.06, -0.01, -0.03, -0.04, -0.02, -0.05, 0.39, -0.01, -0.02, -0.03],[-0.05, -0.12, -0.01, -0.05, 0.45, -0.04, 0.00, -0.12, -0.07, -0.03, 0.05],[-0.02, 0.47, -0.02, -0.04, -0.02, -0.06, -0.05, -0.09, -0.06, -0.04, -0.10],[-0.03, -0.07, -0.01, 0.45, -0.03, -0.05, -0.03, -0.05, -0.04, -0.01, -0.04],[-0.03, -0.14, -0.01, -0.03, -0.03, -0.03, -0.03, 0.26, 0.12, -0.03, 0.03],[-0.02, 0.01, -0.00, -0.02, -0.02, -0.02, -0.02, 0.20, -0.03, -0.00, -0.03],[0.51, -0.14, -0.01, -0.05, -0.05, -0.10, -0.05, -0.12, -0.07, 0.10, -0.01]]},
		{"i": 2,"j": 2, "score": 0.00, "iC": "", "jC": "", "matrix":[]},
		{"i": 2,"j": 3, "score": 0.29, "iC": "RQSTVIMCFWY", "jC": "RHSTPGVCF", "matrix": [[-0.03, -0.02, -0.11, -0.19, 0.20, -0.06, -0.12, 0.40, -0.05],[0.37, -0.03, -0.11, -0.20, -0.11, -0.09, 0.37, -0.14, -0.09],[-0.17, -0.01, 0.57, -0.11, -0.06, -0.04, -0.06, -0.05, -0.03],[0.10, -0.03, 0.03, 0.09, -0.13, -0.04, -0.21, -0.13, 0.34],[-0.11, -0.01, -0.06, 0.44, -0.07, -0.04, -0.07, -0.07, -0.02],[-0.12, -0.01, -0.06, -0.13, 0.46, -0.04, -0.13, -0.01, -0.03],[-0.07, 0.16, 0.00, -0.09, -0.07, -0.04, -0.04, 0.22, -0.03],[-0.12, -0.01, -0.04, -0.10, -0.05, 0.46, -0.10, -0.05, -0.02],[0.06, -0.01, -0.04, 0.23, -0.05, -0.03, -0.09, -0.06, -0.03],[-0.00, -0.01, -0.04, 0.22, -0.03, -0.02, -0.06, -0.03, -0.02],[0.01, -0.01, -0.07, -0.12, -0.06, -0.04, 0.41, -0.05, -0.01]]},
		{"i": 2,"j": 4, "score": 0.04, "iC": "RQTMF", "jC": "GIY", "matrix": [[0.21, 0.01, -0.05],[-0.10, -0.16, -0.06],[0.29, -0.04, -0.09],[-0.07, 0.32, -0.03],[-0.09, 0.05, 0.45]]},
		{"i": 2,"j": 5, "score": -0.16, "iC": "M", "jC": "SW", "matrix": [[0.26, -0.21]]},
		{"i": 2,"j": 6, "score": -0.03, "iC": "", "jC": "", "matrix":[]},
		{"i": 2,"j": 7, "score": -0.04, "iC": "", "jC": "", "matrix":[]},
		{"i": 2,"j": 8, "score": -0.06, "iC": "", "jC": "", "matrix":[]},
		{"i": 2,"j": 9, "score": 0.18, "iC": "RQSTVICFWY", "jC": "RSTPILCF", "matrix": [[-0.02, 0.07, -0.14, -0.02, -0.04, -0.00, 0.22, -0.07],[0.29, -0.08, 0.12, -0.01, 0.01, -0.07, -0.11, -0.18],[-0.04, 0.21, -0.12, 0.10, 0.01, -0.04, -0.08, -0.04],[-0.12, -0.09, 0.55, -0.03, -0.10, -0.08, -0.14, -0.02],[-0.05, -0.09, -0.06, -0.00, -0.05, -0.06, 0.34, -0.03],[-0.05, -0.03, -0.13, 0.01, -0.07, 0.39, -0.04, -0.07],[-0.04, -0.04, -0.09, -0.01, 0.36, -0.04, -0.07, -0.06],[0.17, -0.05, -0.09, -0.01, 0.06, -0.02, -0.04, -0.02],[-0.04, 0.20, -0.04, 0.00, -0.03, -0.02, -0.06, -0.01],[-0.07, -0.06, -0.07, -0.01, -0.07, -0.03, -0.04, 0.31]]},
		{"i": 2,"j": 10, "score": -0.15, "iC": "SW", "jC": "FWY", "matrix": [[0.02, 0.10, -0.10],[0.15, 0.00, -0.16]]},
		{"i": 3,"j": 1, "score": 0.61, "iC": "RSTPGVCF", "jC": "ERHQSTGVIM", "matrix": [[-0.11, 0.40, -0.05, -0.11, -0.11, -0.22, -0.13, -0.31, -0.00, 0.37],[-0.04, -0.12, 0.15, -0.05, -0.05, -0.07, -0.05, -0.13, 0.07, -0.05],[-0.09, -0.22, -0.02, -0.05, -0.09, -0.09, -0.07, 1.02, -0.12, -0.10],[-0.04, 0.09, -0.01, -0.05, 0.45, -0.01, -0.07, -0.13, -0.05, -0.01],[-0.03, -0.06, -0.01, 0.44, -0.03, -0.05, -0.03, -0.03, -0.04, -0.03],[0.43, -0.23, -0.02, -0.11, -0.10, 0.54, -0.09, -0.17, -0.14, -0.09],[-0.04, 0.08, -0.02, -0.06, -0.06, -0.05, 0.48, -0.13, -0.08, -0.05],[-0.03, -0.02, -0.01, -0.02, -0.03, -0.04, -0.03, -0.08, 0.42, -0.02]]},
		{"i": 3,"j": 2, "score": 0.29, "iC": "RHSTPGVCF", "jC": "RQSTVIMCFWY", "matrix": [[-0.03, 0.37, -0.17, 0.10, -0.11, -0.12, -0.07, -0.12, 0.06, -0.00, 0.01],[-0.02, -0.03, -0.01, -0.03, -0.01, -0.01, 0.16, -0.01, -0.01, -0.01, -0.01],[-0.11, -0.11, 0.57, 0.03, -0.06, -0.06, 0.00, -0.04, -0.04, -0.04, -0.07],[-0.19, -0.20, -0.11, 0.09, 0.44, -0.13, -0.09, -0.10, 0.23, 0.22, -0.12],[0.20, -0.11, -0.06, -0.13, -0.07, 0.46, -0.07, -0.05, -0.05, -0.03, -0.06],[-0.06, -0.09, -0.04, -0.04, -0.04, -0.04, -0.04, 0.46, -0.03, -0.02, -0.04],[-0.12, 0.37, -0.06, -0.21, -0.07, -0.13, -0.04, -0.10, -0.09, -0.06, 0.41],[0.40, -0.14, -0.05, -0.13, -0.07, -0.01, 0.22, -0.05, -0.06, -0.03, -0.05],[-0.05, -0.09, -0.03, 0.34, -0.02, -0.03, -0.03, -0.02, -0.03, -0.02, -0.01]]},
		{"i": 3,"j": 3, "score": 0.00, "iC": "", "jC": "", "matrix":[]},
		{"i": 3,"j": 4, "score": -0.08, "iC": "RHTPV", "jC": "GIY", "matrix": [[-0.21, 0.41, -0.09],[-0.01, 0.13, -0.01],[0.24, -0.21, 0.27],[0.26, -0.13, -0.04],[-0.08, -0.17, -0.06]]},
		{"i": 3,"j": 5, "score": -0.14, "iC": "RHTV", "jC": "SW", "matrix": [[0.19, -0.20],[0.13, -0.11],[-0.10, 0.10],[-0.10, 0.12]]},
		{"i": 3,"j": 6, "score": -0.04, "iC": "", "jC": "", "matrix":[]},
		{"i": 3,"j": 7, "score": -0.09, "iC": "", "jC": "", "matrix":[]},
		{"i": 3,"j": 8, "score": -0.05, "iC": "", "jC": "", "matrix":[]},
		{"i": 3,"j": 9, "score": 0.28, "iC": "RSTPGVCF", "jC": "RSTPILCF", "matrix": [[-0.12, -0.12, 0.56, -0.02, -0.13, -0.06, -0.11, -0.03],[-0.07, 0.32, -0.14, 0.11, -0.04, -0.06, -0.08, -0.05],[-0.01, 0.03, 0.01, -0.02, -0.06, -0.10, 0.26, -0.10],[-0.01, 0.12, -0.20, -0.01, -0.04, 0.35, -0.13, -0.06],[-0.04, -0.05, -0.10, -0.01, 0.37, -0.04, -0.07, -0.05],[0.36, -0.12, -0.30, -0.02, -0.03, -0.12, -0.20, 0.40],[-0.07, -0.06, -0.12, -0.02, -0.03, -0.04, 0.40, -0.07],[-0.05, -0.05, 0.24, -0.01, -0.04, -0.02, -0.06, -0.02]]},
		{"i": 3,"j": 10, "score": -0.20, "iC": "RST", "jC": "WY", "matrix": [[-0.02, 0.13],[0.11, -0.05],[-0.03, -0.12]]},
		{"i": 4,"j": 1, "score": -0.10, "iC": "GIY", "jC": "RHVM", "matrix": [[0.15, -0.01, 0.20, -0.05],[0.15, 0.12, -0.21, 0.32],[-0.07, -0.01, 0.28, -0.02]]},
		{"i": 4,"j": 2, "score": 0.04, "iC": "GIY", "jC": "RQTMF", "matrix": [[0.21, -0.10, 0.29, -0.07, -0.09],[0.01, -0.16, -0.04, 0.32, 0.05],[-0.05, -0.06, -0.09, -0.03, 0.45]]},
		{"i": 4,"j": 3, "score": -0.08, "iC": "GIY", "jC": "RHTPV", "matrix": [[-0.21, -0.01, 0.24, 0.26, -0.08],[0.41, 0.13, -0.21, -0.13, -0.17],[-0.09, -0.01, 0.27, -0.04, -0.06]]},
		{"i": 4,"j": 4, "score": 0.00, "iC": "", "jC": "", "matrix":[]},
		{"i": 4,"j": 5, "score": 0.65, "iC": "I", "jC": "SW", "matrix": [[0.61, -0.59]]},
		{"i": 4,"j": 6, "score": -0.03, "iC": "", "jC": "", "matrix":[]},
		{"i": 4,"j": 7, "score": 0.00, "iC": "", "jC": "", "matrix":[]},
		{"i": 4,"j": 8, "score": -0.01, "iC": "", "jC": "", "matrix":[]},
		{"i": 4,"j": 9, "score": -0.25, "iC": "GIY", "jC": "RSTCF", "matrix": [[-0.09, 0.15, 0.18, -0.11, -0.04],[0.03, -0.03, -0.09, 0.04, 0.11],[0.21, -0.04, -0.10, -0.07, -0.04]]},
		{"i": 4,"j": 10, "score": -0.06, "iC": "I", "jC": "Y", "matrix": [[0.18]]},
		{"i": 5,"j": 1, "score": -0.12, "iC": "SW", "jC": "RVM", "matrix": [[0.17, -0.11, 0.17],[-0.16, 0.10, -0.17]]},
		{"i": 5,"j": 2, "score": -0.16, "iC": "SW", "jC": "M", "matrix": [[0.26],[-0.21]]},
		{"i": 5,"j": 3, "score": -0.14, "iC": "SW", "jC": "RHTV", "matrix": [[0.19, 0.13, -0.10, -0.10],[-0.20, -0.11, 0.10, 0.12]]},
		{"i": 5,"j": 4, "score": 0.65, "iC": "SW", "jC": "I", "matrix": [[0.61],[-0.59]]},
		{"i": 5,"j": 5, "score": 0.00, "iC": "", "jC": "", "matrix":[]},
		{"i": 5,"j": 6, "score": -0.01, "iC": "", "jC": "", "matrix":[]},
		{"i": 5,"j": 7, "score": -0.00, "iC": "", "jC": "", "matrix":[]},
		{"i": 5,"j": 8, "score": 0.01, "iC": "", "jC": "", "matrix":[]},
		{"i": 5,"j": 9, "score": -0.27, "iC": "", "jC": "", "matrix":[]},
		{"i": 5,"j": 10, "score": -0.03, "iC": "W", "jC": "Y", "matrix": [[-0.17]]},
		{"i": 6,"j": 1, "score": -0.00, "iC": "", "jC": "", "matrix":[]},
		{"i": 6,"j": 2, "score": -0.03, "iC": "", "jC": "", "matrix":[]},
		{"i": 6,"j": 3, "score": -0.04, "iC": "", "jC": "", "matrix":[]},
		{"i": 6,"j": 4, "score": -0.03, "iC": "", "jC": "", "matrix":[]},
		{"i": 6,"j": 5, "score": -0.01, "iC": "", "jC": "", "matrix":[]},
		{"i": 6,"j": 6, "score": 0.00, "iC": "", "jC": "", "matrix":[]},
		{"i": 6,"j": 7, "score": 0.01, "iC": "", "jC": "", "matrix":[]},
		{"i": 6,"j": 8, "score": 0.02, "iC": "", "jC": "", "matrix":[]},
		{"i": 6,"j": 9, "score": 0.01, "iC": "", "jC": "", "matrix":[]},
		{"i": 6,"j": 10, "score": 0.03, "iC": "", "jC": "", "matrix":[]},
		{"i": 7,"j": 1, "score": -0.05, "iC": "", "jC": "", "matrix":[]},
		{"i": 7,"j": 2, "score": -0.04, "iC": "", "jC": "", "matrix":[]},
		{"i": 7,"j": 3, "score": -0.09, "iC": "", "jC": "", "matrix":[]},
		{"i": 7,"j": 4, "score": 0.00, "iC": "", "jC": "", "matrix":[]},
		{"i": 7,"j": 5, "score": -0.00, "iC": "", "jC": "", "matrix":[]},
		{"i": 7,"j": 6, "score": 0.01, "iC": "", "jC": "", "matrix":[]},
		{"i": 7,"j": 7, "score": 0.00, "iC": "", "jC": "", "matrix":[]},
		{"i": 7,"j": 8, "score": 0.02, "iC": "", "jC": "", "matrix":[]},
		{"i": 7,"j": 9, "score": -0.01, "iC": "", "jC": "", "matrix":[]},
		{"i": 7,"j": 10, "score": 0.10, "iC": "Y", "jC": "Y", "matrix": [[-0.14]]},
		{"i": 8,"j": 1, "score": -0.05, "iC": "", "jC": "", "matrix":[]},
		{"i": 8,"j": 2, "score": -0.06, "iC": "", "jC": "", "matrix":[]},
		{"i": 8,"j": 3, "score": -0.05, "iC": "", "jC": "", "matrix":[]},
		{"i": 8,"j": 4, "score": -0.01, "iC": "", "jC": "", "matrix":[]},
		{"i": 8,"j": 5, "score": 0.01, "iC": "", "jC": "", "matrix":[]},
		{"i": 8,"j": 6, "score": 0.02, "iC": "", "jC": "", "matrix":[]},
		{"i": 8,"j": 7, "score": 0.02, "iC": "", "jC": "", "matrix":[]},
		{"i": 8,"j": 8, "score": 0.00, "iC": "", "jC": "", "matrix":[]},
		{"i": 8,"j": 9, "score": -0.01, "iC": "", "jC": "", "matrix":[]},
		{"i": 8,"j": 10, "score": 0.06, "iC": "", "jC": "", "matrix":[]},
		{"i": 9,"j": 1, "score": -0.05, "iC": "RTPILCF", "jC": "ERQSTGVIL", "matrix": [[-0.06, -0.07, -0.05, -0.03, 0.34, -0.03, 0.05, -0.06, -0.03],[-0.08, 0.23, -0.07, -0.10, -0.18, -0.09, -0.01, 0.15, 0.00],[-0.01, -0.00, -0.01, 0.01, -0.01, -0.01, -0.02, 0.11, -0.01],[-0.05, -0.01, 0.35, -0.04, 0.02, -0.01, 0.01, -0.08, -0.03],[-0.04, -0.07, -0.04, 0.33, -0.01, -0.03, -0.10, -0.04, -0.03],[-0.06, -0.09, -0.05, -0.07, -0.05, 0.23, 0.14, -0.04, -0.02],[0.30, -0.05, -0.06, -0.05, -0.10, -0.03, -0.11, -0.02, 0.12]]},
		{"i": 9,"j": 2, "score": 0.18, "iC": "RSTPILCF", "jC": "RQSTVICFWY", "matrix": [[-0.02, 0.29, -0.04, -0.12, -0.05, -0.05, -0.04, 0.17, -0.04, -0.07],[0.07, -0.08, 0.21, -0.09, -0.09, -0.03, -0.04, -0.05, 0.20, -0.06],[-0.14, 0.12, -0.12, 0.55, -0.06, -0.13, -0.09, -0.09, -0.04, -0.07],[-0.02, -0.01, 0.10, -0.03, -0.00, 0.01, -0.01, -0.01, 0.00, -0.01],[-0.04, 0.01, 0.01, -0.10, -0.05, -0.07, 0.36, 0.06, -0.03, -0.07],[-0.00, -0.07, -0.04, -0.08, -0.06, 0.39, -0.04, -0.02, -0.02, -0.03],[0.22, -0.11, -0.08, -0.14, 0.34, -0.04, -0.07, -0.04, -0.06, -0.04],[-0.07, -0.18, -0.04, -0.02, -0.03, -0.07, -0.06, -0.02, -0.01, 0.31]]},
		{"i": 9,"j": 3, "score": 0.28, "iC": "RSTPILCF", "jC": "RSTPGVCF", "matrix": [[-0.12, -0.07, -0.01, -0.01, -0.04, 0.36, -0.07, -0.05],[-0.12, 0.32, 0.03, 0.12, -0.05, -0.12, -0.06, -0.05],[0.56, -0.14, 0.01, -0.20, -0.10, -0.30, -0.12, 0.24],[-0.02, 0.11, -0.02, -0.01, -0.01, -0.02, -0.02, -0.01],[-0.13, -0.04, -0.06, -0.04, 0.37, -0.03, -0.03, -0.04],[-0.06, -0.06, -0.10, 0.35, -0.04, -0.12, -0.04, -0.02],[-0.11, -0.08, 0.26, -0.13, -0.07, -0.20, 0.40, -0.06],[-0.03, -0.05, -0.10, -0.06, -0.05, 0.40, -0.07, -0.02]]},
		{"i": 9,"j": 4, "score": -0.25, "iC": "RSTCF", "jC": "GIY", "matrix": [[-0.09, 0.03, 0.21],[0.15, -0.03, -0.04],[0.18, -0.09, -0.10],[-0.11, 0.04, -0.07],[-0.04, 0.11, -0.04]]},
		{"i": 9,"j": 5, "score": -0.27, "iC": "", "jC": "", "matrix":[]},
		{"i": 9,"j": 6, "score": 0.01, "iC": "", "jC": "", "matrix":[]},
		{"i": 9,"j": 7, "score": -0.01, "iC": "", "jC": "", "matrix":[]},
		{"i": 9,"j": 8, "score": -0.01, "iC": "", "jC": "", "matrix":[]},
		{"i": 9,"j": 9, "score": 0.00, "iC": "", "jC": "", "matrix":[]},
		{"i": 9,"j": 10, "score": 0.34, "iC": "RSTPICF", "jC": "ERFWY", "matrix": [[-0.04, -0.02, -0.07, 0.03, 0.14],[-0.02, 0.01, 0.19, -0.03, -0.13],[-0.02, -0.02, -0.12, -0.04, 0.20],[-0.00, -0.01, 0.00, 0.12, -0.11],[0.11, 0.14, 0.10, -0.01, -0.47],[-0.01, -0.04, -0.08, -0.03, 0.21],[-0.02, -0.02, -0.05, -0.02, 0.15]]},
		{"i": 10,"j": 1, "score": -0.18, "iC": "WY", "jC": "VIM", "matrix": [[-0.02, 0.11, -0.01],[-0.15, -0.08, 0.13]]},
		{"i": 10,"j": 2, "score": -0.15, "iC": "FWY", "jC": "SW", "matrix": [[0.02, 0.15],[0.10, 0.00],[-0.10, -0.16]]},
		{"i": 10,"j": 3, "score": -0.20, "iC": "WY", "jC": "RST", "matrix": [[-0.02, 0.11, -0.03],[0.13, -0.05, -0.12]]},
		{"i": 10,"j": 4, "score": -0.06, "iC": "Y", "jC": "I", "matrix": [[0.18]]},
		{"i": 10,"j": 5, "score": -0.03, "iC": "Y", "jC": "W", "matrix": [[-0.17]]},
		{"i": 10,"j": 6, "score": 0.03, "iC": "", "jC": "", "matrix":[]},
		{"i": 10,"j": 7, "score": 0.10, "iC": "Y", "jC": "Y", "matrix": [[-0.14]]},
		{"i": 10,"j": 8, "score": 0.06, "iC": "", "jC": "", "matrix":[]},
		{"i": 10,"j": 9, "score": 0.34, "iC": "ERFWY", "jC": "RSTPICF", "matrix": [[-0.04, -0.02, -0.02, -0.00, 0.11, -0.01, -0.02],[-0.02, 0.01, -0.02, -0.01, 0.14, -0.04, -0.02],[-0.07, 0.19, -0.12, 0.00, 0.10, -0.08, -0.05],[0.03, -0.03, -0.04, 0.12, -0.01, -0.03, -0.02],[0.14, -0.13, 0.20, -0.11, -0.47, 0.21, 0.15]]},
		{"i": 10,"j": 10, "score": 0.00, "iC": "", "jC": "", "matrix":[]}
	]
}