{
	"map": {
		"letters": "----------",
		"indices": [1, 2, 3, 4, 5, 6, 7, 8, 9, 10]
		},
	"logo": [
		[{"code":"V", "bits": 0.15},{"code":"L", "bits": 0.03},{"code":"K", "bits": 0.00},{"code":"N", "bits": 0.00},{"code":"F", "bits": 0.00},{"code":"D", "bits": 0.00},{"code":"Y", "bits": 0.00},{"code":"S", "bits": 0.09},{"code":"R", "bits": 0.14},{"code":"H", "bits": 0.00},{"code":"Q", "bits": 0.00},{"code":"T", "bits": 0.08}],
		[{"code":"E", "bits": 0.01},{"code":"L", "bits": 0.00},{"code":"Y", "bits": 0.12},{"code":"V", "bits": 0.08},{"code":"T", "bits": 0.22},{"code":"H", "bits": 0.00},{"code":"W", "bits": 0.07},{"code":"Q", "bits": 0.21},{"code":"P", "bits": 0.01},{"code":"S", "bits": 0.00}],
		[{"code":"F", "bits": 0.15},{"code":"A", "bits": 0.00},{"code":"E", "bits": 0.00},{"code":"N", "bits": 0.00},{"code":"S", "bits": 0.00},{"code":"Q", "bits": 0.01},{"code":"T", "bits": 0.30}],
		[{"code":"F", "bits": 0.00},{"code":"Y", "bits": 0.00}],
		[{"code":"G", "bits": 0.04},{"code":"V", "bits": 0.00}],
		[{"code":"A", "bits": 0.00},{"code":"E", "bits": 0.01}],
		[{"code":"W", "bits": 0.00}],
		[{"code":"D", "bits": 0.00}],
		[{"code":"D", "bits": 0.00},{"code":"R", "bits": 0.14},{"code":"H", "bits": 0.00},{"code":"K", "bits": 0.00},{"code":"Y", "bits": 0.00},{"code":"Q", "bits": 0.00},{"code":"A", "bits": 0.00},{"code":"E", "bits": 0.04},{"code":"S", "bits": 0.07}],
		[{"code":"D", "bits": 0.02},{"code":"S", "bits": 0.08},{"code":"H", "bits": 0.02},{"code":"R", "bits": 0.15},{"code":"E", "bits": 0.03},{"code":"Q", "bits": 0.00},{"code":"W", "bits": 0.02}]
	],
	"couplings": [
		{"i": 1,"j": 1, "score": 0.00, "iC": "", "jC": "", "matrix":[]},
		{"i": 1,"j": 2, "score": 0.24, "iC": "ERSTPGVI", "jC": "RQTVIMWY", "matrix": [[-0.04, -0.06, -0.05, -0.00, -0.03, -0.01, -0.02, 0.23],[-0.04, 0.21, -0.11, -0.03, -0.04, 0.05, -0.01, -0.02],[-0.05, -0.07, -0.08, -0.03, 0.27, 0.02, -0.02, -0.03],[-0.02, 0.26, -0.06, -0.02, -0.03, -0.01, -0.02, -0.05],[0.13, -0.03, -0.04, -0.01, -0.02, -0.01, 0.01, -0.02],[0.21, -0.05, -0.03, -0.01, -0.03, -0.01, -0.02, -0.03],[-0.05, -0.10, 0.04, 0.16, -0.06, -0.02, 0.13, -0.05],[-0.05, -0.07, 0.23, -0.03, -0.04, -0.01, -0.01, -0.04]]},
		{"i": 1,"j": 3, "score": 0.23, "iC": "ERSTPGVILM", "jC": "RTPGVCF", "matrix": [[-0.06, -0.03, -0.03, -0.01, 0.18, -0.02, -0.03],[0.24, -0.08, -0.05, -0.03, -0.07, -0.01, 0.01],[-0.05, -0.06, 0.27, -0.02, -0.07, -0.03, -0.04],[-0.08, -0.05, -0.03, -0.02, 0.20, -0.01, -0.03],[-0.04, -0.01, -0.02, 0.14, -0.03, -0.02, -0.02],[-0.05, -0.04, -0.02, -0.01, -0.06, 0.21, -0.03],[-0.12, 0.40, -0.04, -0.02, -0.13, -0.05, -0.06],[-0.06, -0.04, -0.03, -0.01, -0.08, -0.03, 0.26],[-0.01, -0.02, -0.01, -0.01, 0.09, -0.01, -0.01],[0.05, -0.02, 0.01, -0.00, -0.01, -0.01, -0.01]]},
		{"i": 1,"j": 4, "score": -0.01, "iC": "V", "jC": "G", "matrix": [[0.14]]},
		{"i": 1,"j": 5, "score": -0.02, "iC": "", "jC": "", "matrix":[]},
		{"i": 1,"j": 6, "score": -0.01, "iC": "", "jC": "", "matrix":[]},
		{"i": 1,"j": 7, "score": -0.01, "iC": "", "jC": "", "matrix":[]},
		{"i": 1,"j": 8, "score": -0.02, "iC": "", "jC": "", "matrix":[]},
		{"i": 1,"j": 9, "score": -0.09, "iC": "ERSTPGVI", "jC": "RSTLCF", "matrix": [[-0.02, -0.02, -0.05, -0.01, -0.01, 0.08],[0.00, -0.02, 0.10, -0.03, -0.01, -0.02],[0.00, 0.00, -0.04, 0.12, -0.04, -0.02],[0.14, -0.00, -0.07, -0.03, -0.02, -0.04],[-0.01, 0.01, -0.05, -0.00, -0.00, -0.01],[-0.03, -0.01, -0.05, -0.01, 0.10, -0.02],[-0.04, 0.07, 0.01, -0.01, 0.03, -0.04],[-0.01, -0.01, 0.07, -0.01, -0.02, -0.02]]},
		{"i": 1,"j": 10, "score": -0.06, "iC": "RTV", "jC": "FY", "matrix": [[-0.03, 0.05],[0.01, -0.05],[0.06, -0.04]]},
		{"i": 2,"j": 1, "score": 0.24, "iC": "RQTVIMWY", "jC": "ERSTPGVI", "matrix": [[-0.04, -0.04, -0.05, -0.02, 0.13, 0.21, -0.05, -0.05],[-0.06, 0.21, -0.07, 0.26, -0.03, -0.05, -0.10, -0.07],[-0.05, -0.11, -0.08, -0.06, -0.04, -0.03, 0.04, 0.23],[-0.00, -0.03, -0.03, -0.02, -0.01, -0.01, 0.16, -0.03],[-0.03, -0.04, 0.27, -0.03, -0.02, -0.03, -0.06, -0.04],[-0.01, 0.05, 0.02, -0.01, -0.01, -0.01, -0.02, -0.01],[-0.02, -0.01, -0.02, -0.02, 0.01, -0.02, 0.13, -0.01],[0.23, -0.02, -0.03, -0.05, -0.02, -0.03, -0.05, -0.04]]},
		{"i": 2,"j": 2, "score": 0.00, "iC": "", "jC": "", "matrix":[]},
		{"i": 2,"j": 3, "score": 0.09, "iC": "RQTVIWY", "jC": "RTPGVCF", "matrix": [[-0.08, -0.09, -0.04, 0.12, -0.08, 0.20, -0.05],[0.17, -0.10, -0.07, -0.03, 0.12, -0.04, -0.06],[0.04, 0.05, -0.05, -0.03, -0.15, -0.05, 0.21],[-0.02, 0.18, -0.03, -0.01, -0.06, -0.02, -0.02],[-0.07, -0.06, 0.27, -0.02, -0.07, -0.03, -0.03],[-0.02, 0.12, -0.02, 0.01, -0.04, -0.02, -0.02],[-0.05, -0.06, -0.04, -0.02, 0.19, -0.02, 0.00]]},
		{"i": 2,"j": 4, "score": -0.00, "iC": "T", "jC": "G", "matrix": [[0.14]]},
		{"i": 2,"j": 5, "score": -0.01, "iC": "", "jC": "", "matrix":[]},
		{"i": 2,"j": 6, "score": -0.01, "iC": "", "jC": "", "matrix":[]},
		{"i": 2,"j": 7, "score": -0.00, "iC": "", "jC": "", "matrix":[]},
		{"i": 2,"j": 8, "score": -0.02, "iC": "", "jC": "", "matrix":[]},
		{"i": 2,"j": 9, "score": -0.03, "iC": "RQTVIWY", "jC": "RSTLCF", "matrix": [[-0.03, -0.02, -0.08, -0.00, 0.11, -0.05],[0.15, -0.02, 0.02, -0.03, -0.04, -0.05],[-0.02, -0.03, 0.15, -0.02, -0.05, -0.01],[-0.01, -0.01, -0.01, -0.02, 0.08, -0.04],[-0.01, 0.00, -0.06, 0.12, -0.03, -0.02],[-0.01, 0.10, -0.03, -0.01, -0.03, -0.02],[-0.03, -0.02, -0.05, -0.01, -0.02, 0.11]]},
		{"i": 2,"j": 10, "score": -0.05, "iC": "W", "jC": "FY", "matrix": [[0.08, -0.08]]},
		{"i": 3,"j": 1, "score": 0.23, "iC": "RTPGVCF", "jC": "ERSTPGVILM", "matrix": [[-0.06, 0.24, -0.05, -0.08, -0.04, -0.05, -0.12, -0.06, -0.01, 0.05],[-0.03, -0.08, -0.06, -0.05, -0.01, -0.04, 0.40, -0.04, -0.02, -0.02],[-0.03, -0.05, 0.27, -0.03, -0.02, -0.02, -0.04, -0.03, -0.01, 0.01],[-0.01, -0.03, -0.02, -0.02, 0.14, -0.01, -0.02, -0.01, -0.01, -0.00],[0.18, -0.07, -0.07, 0.20, -0.03, -0.06, -0.13, -0.08, 0.09, -0.01],[-0.02, -0.01, -0.03, -0.01, -0.02, 0.21, -0.05, -0.03, -0.01, -0.01],[-0.03, 0.01, -0.04, -0.03, -0.02, -0.03, -0.06, 0.26, -0.01, -0.01]]},
		{"i": 3,"j": 2, "score": 0.09, "iC": "RTPGVCF", "jC": "RQTVIWY", "matrix": [[-0.08, 0.17, 0.04, -0.02, -0.07, -0.02, -0.05],[-0.09, -0.10, 0.05, 0.18, -0.06, 0.12, -0.06],[-0.04, -0.07, -0.05, -0.03, 0.27, -0.02, -0.04],[0.12, -0.03, -0.03, -0.01, -0.02, 0.01, -0.02],[-0.08, 0.12, -0.15, -0.06, -0.07, -0.04, 0.19],[0.20, -0.04, -0.05, -0.02, -0.03, -0.02, -0.02],[-0.05, -0.06, 0.21, -0.02, -0.03, -0.02, 0.00]]},
		{"i": 3,"j": 3, "score": 0.00, "iC": "", "jC": "", "matrix":[]},
		{"i": 3,"j": 4, "score": 0.05, "iC": "RTV", "jC": "G", "matrix": [[-0.06],[0.19],[-0.05]]},
		{"i": 3,"j": 5, "score": -0.02, "iC": "", "jC": "", "matrix":[]},
		{"i": 3,"j": 6, "score": -0.02, "iC": "", "jC": "", "matrix":[]},
		{"i": 3,"j": 7, "score": -0.02, "iC": "", "jC": "", "matrix":[]},
		{"i": 3,"j": 8, "score": -0.02, "iC": "", "jC": "", "matrix":[]},
		{"i": 3,"j": 9, "score": 0.14, "iC": "RTPGVCF", "jC": "RSTLCF", "matrix": [[-0.05, -0.03, 0.29, -0.04, -0.07, -0.07],[-0.04, 0.09, 0.02, -0.05, 0.07, -0.07],[-0.01, 0.00, -0.08, 0.19, -0.04, -0.05],[-0.02, -0.01, -0.05, -0.00, -0.00, -0.02],[0.13, -0.04, -0.19, -0.06, -0.09, 0.29],[-0.03, -0.01, -0.06, -0.02, 0.16, -0.05],[-0.00, -0.01, 0.07, -0.02, -0.03, -0.04]]},
		{"i": 3,"j": 10, "score": -0.08, "iC": "RT", "jC": "FY", "matrix": [[-0.04, 0.05],[0.09, -0.06]]},
		{"i": 4,"j": 1, "score": -0.01, "iC": "G", "jC": "V", "matrix": [[0.14]]},
		{"i": 4,"j": 2, "score": -0.00, "iC": "G", "jC": "T", "matrix": [[0.14]]},
		{"i": 4,"j": 3, "score": 0.05, "iC": "G", "jC": "RTV", "matrix": [[-0.06, 0.19, -0.05]]},
		{"i": 4,"j": 4, "score": 0.00, "iC": "", "jC": "", "matrix":[]},
		{"i": 4,"j": 5, "score": -0.01, "iC": "", "jC": "", "matrix":[]},
		{"i": 4,"j": 6, "score": -0.01, "iC": "", "jC": "", "matrix":[]},
		{"i": 4,"j": 7, "score": 0.01, "iC": "", "jC": "", "matrix":[]},
		{"i": 4,"j": 8, "score": -0.01, "iC": "", "jC": "", "matrix":[]},
		{"i": 4,"j": 9, "score": -0.01, "iC": "G", "jC": "T", "matrix": [[0.12]]},
		{"i": 4,"j": 10, "score": -0.02, "iC": "G", "jC": "Y", "matrix": [[0.04]]},
		{"i": 5,"j": 1, "score": -0.02, "iC": "", "jC": "", "matrix":[]},
		{"i": 5,"j": 2, "score": -0.01, "iC": "", "jC": "", "matrix":[]},
		{"i": 5,"j": 3, "score": -0.02, "iC": "", "jC": "", "matrix":[]},
		{"i": 5,"j": 4, "score": -0.01, "iC": "", "jC": "", "matrix":[]},
		{"i": 5,"j": 5, "score": 0.00, "iC": "", "jC": "", "matrix":[]},
		{"i": 5,"j": 6, "score": 0.01, "iC": "", "jC": "", "matrix":[]},
		{"i": 5,"j": 7, "score": -0.00, "iC": "", "jC": "", "matrix":[]},
		{"i": 5,"j": 8, "score": -0.00, "iC": "", "jC": "", "matrix":[]},
		{"i": 5,"j": 9, "score": 0.01, "iC": "W", "jC": "T", "matrix": [[-0.04]]},
		{"i": 5,"j": 10, "score": 0.01, "iC": "", "jC": "", "matrix":[]},
		{"i": 6,"j": 1, "score": -0.01, "iC": "", "jC": "", "matrix":[]},
		{"i": 6,"j": 2, "score": -0.01, "iC": "", "jC": "", "matrix":[]},
		{"i": 6,"j": 3, "score": -0.02, "iC": "", "jC": "", "matrix":[]},
		{"i": 6,"j": 4, "score": -0.01, "iC": "", "jC": "", "matrix":[]},
		{"i": 6,"j": 5, "score": 0.01, "iC": "", "jC": "", "matrix":[]},
		{"i": 6,"j": 6, "score": 0.00, "iC": "", "jC": "", "matrix":[]},
		{"i": 6,"j": 7, "score": -0.00, "iC": "", "jC": "", "matrix":[]},
		{"i": 6,"j": 8, "score": 0.03, "iC": "", "jC": "", "matrix":[]},
		{"i": 6,"j": 9, "score": -0.01, "iC": "", "jC": "", "matrix":[]},
		{"i": 6,"j": 10, "score": 0.01, "iC": "", "jC": "", "matrix":[]},
		{"i": 7,"j": 1, "score": -0.01, "iC": "", "jC": "", "matrix":[]},
		{"i": 7,"j": 2, "score": -0.00, "iC": "", "jC": "", "matrix":[]},
		{"i": 7,"j": 3, "score": -0.02, "iC": "", "jC": "", "matrix":[]},
		{"i": 7,"j": 4, "score": 0.01, "iC": "", "jC": "", "matrix":[]},
		{"i": 7,"j": 5, "score": -0.00, "iC": "", "jC": "", "matrix":[]},
		{"i": 7,"j": 6, "score": -0.00, "iC": "", "jC": "", "matrix":[]},
		{"i": 7,"j": 7, "score": 0.00, "iC": "", "jC": "", "matrix":[]},
		{"i": 7,"j": 8, "score": -0.00, "iC": "", "jC": "", "matrix":[]},
		{"i": 7,"j": 9, "score": -0.00, "iC": "", "jC": "", "matrix":[]},
		{"i": 7,"j": 10, "score": 0.01, "iC": "", "jC": "", "matrix":[]},
		{"i": 8,"j": 1, "score": -0.02, "iC": "", "jC": "", "matrix":[]},
		{"i": 8,"j": 2, "score": -0.02, "iC": "", "jC": "", "matrix":[]},
		{"i": 8,"j": 3, "score": -0.02, "iC": "", "jC": "", "matrix":[]},
		{"i": 8,"j": 4, "score": -0.01, "iC": "", "jC": "", "matrix":[]},
		{"i": 8,"j": 5, "score": -0.00, "iC": "", "jC": "", "matrix":[]},
		{"i": 8,"j": 6, "score": 0.03, "iC": "", "jC": "", "matrix":[]},
		{"i": 8,"j": 7, "score": -0.00, "iC": "", "jC": "", "matrix":[]},
		{"i": 8,"j": 8, "score": 0.00, "iC": "", "jC": "", "matrix":[]},
		{"i": 8,"j": 9, "score": 0.00, "iC": "", "jC": "", "matrix":[]},
		{"i": 8,"j": 10, "score": 0.02, "iC": "", "jC": "", "matrix":[]},
		{"i": 9,"j": 1, "score": -0.09, "iC": "RSTLCF", "jC": "ERSTPGVI", "matrix": [[-0.02, 0.00, 0.00, 0.14, -0.01, -0.03, -0.04, -0.01],[-0.02, -0.02, 0.00, -0.00, 0.01, -0.01, 0.07, -0.01],[-0.05, 0.10, -0.04, -0.07, -0.05, -0.05, 0.01, 0.07],[-0.01, -0.03, 0.12, -0.03, -0.00, -0.01, -0.01, -0.01],[-0.01, -0.01, -0.04, -0.02, -0.00, 0.10, 0.03, -0.02],[0.08, -0.02, -0.02, -0.04, -0.01, -0.02, -0.04, -0.02]]},
		{"i": 9,"j": 2, "score": -0.03, "iC": "RSTLCF", "jC": "RQTVIWY", "matrix": [[-0.03, 0.15, -0.02, -0.01, -0.01, -0.01, -0.03],[-0.02, -0.02, -0.03, -0.01, 0.00, 0.10, -0.02],[-0.08, 0.02, 0.15, -0.01, -0.06, -0.03, -0.05],[-0.00, -0.03, -0.02, -0.02, 0.12, -0.01, -0.01],[0.11, -0.04, -0.05, 0.08, -0.03, -0.03, -0.02],[-0.05, -0.05, -0.01, -0.04, -0.02, -0.02, 0.11]]},
		{"i": 9,"j": 3, "score": 0.14, "iC": "RSTLCF", "jC": "RTPGVCF", "matrix": [[-0.05, -0.04, -0.01, -0.02, 0.13, -0.03, -0.00],[-0.03, 0.09, 0.00, -0.01, -0.04, -0.01, -0.01],[0.29, 0.02, -0.08, -0.05, -0.19, -0.06, 0.07],[-0.04, -0.05, 0.19, -0.00, -0.06, -0.02, -0.02],[-0.07, 0.07, -0.04, -0.00, -0.09, 0.16, -0.03],[-0.07, -0.07, -0.05, -0.02, 0.29, -0.05, -0.04]]},
		{"i": 9,"j": 4, "score": -0.01, "iC": "T", "jC": "G", "matrix": [[0.12]]},
		{"i": 9,"j": 5, "score": 0.01, "iC": "T", "jC": "W", "matrix": [[-0.04]]},
		{"i": 9,"j": 6, "score": -0.01, "iC": "", "jC": "", "matrix":[]},
		{"i": 9,"j": 7, "score": -0.00, "iC": "", "jC": "", "matrix":[]},
		{"i": 9,"j": 8, "score": 0.00, "iC": "", "jC": "", "matrix":[]},
		{"i": 9,"j": 9, "score": 0.00, "iC": "", "jC": "", "matrix":[]},
		{"i": 9,"j": 10, "score": 0.13, "iC": "ESTICF", "jC": "RIFY", "matrix": [[-0.01, 0.07, -0.01, -0.07],[-0.00, -0.01, 0.12, -0.12],[-0.01, -0.03, -0.05, 0.11],[0.04, 0.02, 0.02, -0.12],[0.01, -0.01, -0.03, 0.05],[-0.02, -0.02, -0.03, 0.10]]},
		{"i": 10,"j": 1, "score": -0.06, "iC": "FY", "jC": "RTV", "matrix": [[-0.03, 0.01, 0.06],[0.05, -0.05, -0.04]]},
		{"i": 10,"j": 2, "score": -0.05, "iC": "FY", "jC": "W", "matrix": [[0.08],[-0.08]]},
		{"i": 10,"j": 3, "score": -0.08, "iC": "FY", "jC": "RT", "matrix": [[-0.04, 0.09],[0.05, -0.06]]},
		{"i": 10,"j": 4, "score": -0.02, "iC": "Y", "jC": "G", "matrix": [[0.04]]},
		{"i": 10,"j": 5, "score": 0.01, "iC": "", "jC": "", "matrix":[]},
		{"i": 10,"j": 6, "score": 0.01, "iC": "", "jC": "", "matrix":[]},
		{"i": 10,"j": 7, "score": 0.01, "iC": "", "jC": "", "matrix":[]},
		{"i": 10,"j": 8, "score": 0.02, "iC": "", "jC": "", "matrix":[]},
		{"i": 10,"j": 9, "score": 0.13, "iC": "RIFY", "jC": "ESTICF", "matrix": [[-0.01, -0.00, -0.01, 0.04, 0.01, -0.02],[0.07, -0.01, -0.03, 0.02, -0.01, -0.02],[-0.01, 0.12, -0.05, 0.02, -0.03, -0.03],[-0.07, -0.12, 0.11, -0.12, 0.05, 0.10]]},
		{"i": 10,"j": 10, "score": 0.00, "iC": "", "jC": "", "matrix":[]}
	]
}